总期数：1294
中奖期数：76
奖项之和：446
总奖金：430
总花费：2588
总收益：-134%
奖项分布：[[1218, 0, 0, 0, 0, 10, 66, 76, 446, 430]]

-------------------------------------------------------------------
最佳权值：[1, 1, 14, 1, 1, 46]
最佳成绩：[1181, 0, 0, 0, 2, 11, 100, 113, 663, 1010]
-------------------------------------------------------------------
-------------------------------------------------------------------
最佳权值：[1, 1, 14, 1, 1, 32]
最佳成绩：[1199, 0, 0, 0, 2, 11, 83, 96, 561, 925]
-------------------------------------------------------------------

-------------------------------------------------------------------
最佳权值：[1, 1, 36, 1, 1, 49]
最佳成绩：[1210, 0, 0, 0, 3, 8, 74, 85, 496, 1050]
-------------------------------------------------------------------

-------------------------------------------------------------------
最佳权值：[1, 1, 50, 1, 1, 52]
最佳成绩：[1195, 0, 0, 0, 3, 13, 85, 101, 587, 1155]
-------------------------------------------------------------------